((0, 0, 0), (0, 0, 1, 0), None): RMSE= NaN
((0, 0, 0), (0, 1, 0, 0), None): RMSE= NaN
((0, 0, 0), (0, 0, 0, 0), None): RMSE=98.64986029698505
((0, 0, 0), (0, 1, 1, 0), None): RMSE= NaN
((0, 0, 0), (0, 0, 0, 7), None): RMSE=98.64986029698505
((0, 0, 0), (1, 0, 0, 0), None): RMSE= NaN
((0, 0, 0), (0, 1, 0, 7), None): RMSE=7.534794407844025
((0, 0, 0), (1, 0, 1, 0), None): RMSE= NaN
((0, 0, 0), (1, 0, 0, 7), None): RMSE=7.377748538117376
((0, 0, 0), (1, 1, 0, 0), None): RMSE= NaN
((0, 0, 0), (0, 1, 1, 7), None): RMSE=7.360687724540311
((0, 0, 0), (1, 1, 1, 0), None): RMSE= NaN
((0, 0, 0), (1, 1, 0, 7), None): RMSE=7.557914948184531
((0, 0, 0), (2, 0, 0, 0), None): RMSE= NaN
((0, 0, 0), (1, 0, 1, 7), None): RMSE=7.232808635982499
((0, 0, 0), (2, 0, 1, 0), None): RMSE= NaN
((0, 0, 0), (0, 0, 1, 7), None): RMSE=51.2888859338674
((0, 0, 0), (2, 1, 0, 0), None): RMSE= NaN
((0, 0, 0), (1, 1, 1, 7), None): RMSE=7.371461373494611
((0, 0, 0), (2, 1, 1, 0), None): RMSE= NaN
((0, 0, 0), (2, 0, 0, 7), None): RMSE=7.425561976244994
((0, 0, 0), (2, 1, 0, 7), None): RMSE=7.413662521780683
((0, 0, 1), (0, 0, 0, 0), None): RMSE=50.64502457778757
((0, 0, 1), (0, 0, 1, 0), None): RMSE= NaN
((0, 0, 1), (0, 0, 0, 7), None): RMSE=50.64502457778757
((0, 0, 1), (0, 1, 0, 0), None): RMSE= NaN
((0, 0, 1), (0, 1, 0, 7), None): RMSE=5.635696067439012
((0, 0, 1), (0, 1, 1, 0), None): RMSE= NaN
((0, 0, 0), (2, 0, 1, 7), None): RMSE=7.244226276226292
((0, 0, 1), (1, 0, 0, 0), None): RMSE= NaN
((0, 0, 1), (0, 1, 1, 7), None): RMSE=5.213016915105358
((0, 0, 1), (1, 0, 1, 0), None): RMSE= NaN
((0, 0, 1), (1, 0, 0, 7), None): RMSE= NaN
((0, 0, 1), (1, 1, 0, 0), None): RMSE= NaN
((0, 0, 1), (1, 1, 0, 7), None): RMSE=5.337203809085853
((0, 0, 1), (1, 1, 1, 0), None): RMSE= NaN
((0, 0, 1), (0, 0, 1, 7), None): RMSE=30.10222004794572
((0, 0, 1), (2, 0, 0, 0), None): RMSE= NaN
((0, 0, 1), (2, 0, 0, 7), None): RMSE= NaN
((0, 0, 1), (2, 0, 1, 0), None): RMSE= NaN
((0, 0, 1), (2, 0, 1, 7), None): RMSE= NaN
((0, 0, 1), (2, 1, 0, 0), None): RMSE= NaN
((0, 0, 0), (2, 1, 1, 7), None): RMSE=7.7778779692499285
((0, 0, 1), (2, 1, 1, 0), None): RMSE= NaN
((0, 0, 1), (1, 1, 1, 7), None): RMSE=5.216342813653494
((0, 0, 1), (2, 1, 1, 7), None): RMSE= NaN
((1, 0, 0), (0, 0, 0, 0), None): RMSE=3.874767151722205
((1, 0, 0), (0, 0, 1, 0), None): RMSE= NaN
((1, 0, 0), (0, 0, 0, 7), None): RMSE=3.874767151722205
((1, 0, 0), (0, 1, 0, 0), None): RMSE= NaN
((1, 0, 0), (0, 1, 0, 7), None): RMSE=4.5304559834037885
((1, 0, 0), (0, 1, 1, 0), None): RMSE= NaN
((0, 0, 1), (2, 1, 0, 7), None): RMSE=5.244879368679594
((1, 0, 0), (1, 0, 0, 0), None): RMSE= NaN
((1, 0, 0), (1, 0, 0, 7), None): RMSE= NaN
((1, 0, 0), (1, 0, 1, 0), None): RMSE= NaN
((1, 0, 0), (0, 0, 1, 7), None): RMSE=3.8237075383197605
((1, 0, 0), (1, 1, 0, 0), None): RMSE= NaN
((1, 0, 0), (1, 0, 1, 7), None): RMSE= NaN
((1, 0, 0), (1, 1, 1, 0), None): RMSE= NaN
((1, 0, 0), (1, 1, 0, 7), None): RMSE=3.916147512850967
((1, 0, 0), (2, 0, 0, 0), None): RMSE= NaN
((1, 0, 0), (2, 0, 0, 7), None): RMSE= NaN
((1, 0, 0), (2, 0, 1, 0), None): RMSE= NaN
((0, 0, 1), (1, 0, 1, 7), None): RMSE=5.135878606034473
((1, 0, 0), (2, 1, 0, 0), None): RMSE= NaN
((1, 0, 0), (2, 0, 1, 7), None): RMSE= NaN
((1, 0, 0), (2, 1, 1, 0), None): RMSE= NaN
((1, 0, 0), (0, 1, 1, 7), None): RMSE=3.4427628754784365
((1, 0, 1), (0, 0, 0, 0), None): RMSE=3.991304658028045
((1, 0, 1), (0, 0, 0, 7), None): RMSE=3.991304658028045
((1, 0, 1), (0, 0, 1, 0), None): RMSE= NaN
((1, 0, 0), (2, 1, 0, 7), None): RMSE=3.7546182726439516
((1, 0, 1), (0, 1, 0, 0), None): RMSE= NaN
((1, 0, 1), (0, 0, 1, 7), None): RMSE=3.9306588810397725
((1, 0, 1), (0, 1, 1, 0), None): RMSE= NaN
((1, 0, 1), (0, 1, 0, 7), None): RMSE=4.578301911075303
((1, 0, 1), (1, 0, 0, 0), None): RMSE= NaN
((1, 0, 1), (1, 0, 0, 7), None): RMSE= NaN
((1, 0, 1), (1, 0, 1, 0), None): RMSE= NaN
((1, 0, 0), (1, 1, 1, 7), None): RMSE=3.4497136491460125
((1, 0, 1), (1, 1, 0, 0), None): RMSE= NaN
((1, 0, 1), (1, 1, 0, 7), None): RMSE=3.925857406828844
((1, 0, 1), (1, 1, 1, 0), None): RMSE= NaN
((1, 0, 1), (0, 1, 1, 7), None): RMSE=3.5541630766731362
((1, 0, 1), (2, 0, 0, 0), None): RMSE= NaN
((1, 0, 1), (2, 0, 0, 7), None): RMSE= NaN
((1, 0, 1), (2, 0, 1, 0), None): RMSE= NaN
((1, 0, 1), (1, 1, 1, 7), None): RMSE=3.564388862186041
((1, 0, 1), (2, 1, 0, 0), None): RMSE= NaN
((1, 0, 1), (1, 0, 1, 7), None): RMSE=3.5514639187266654
((1, 0, 1), (2, 1, 1, 0), None): RMSE= NaN
((1, 0, 0), (2, 1, 1, 7), None): RMSE=3.4403605427835813
((2, 0, 0), (0, 0, 0, 0), None): RMSE=4.001985842770827
((2, 0, 0), (0, 0, 0, 7), None): RMSE=4.001985842770827
((2, 0, 0), (0, 0, 1, 0), None): RMSE= NaN
((1, 0, 1), (2, 1, 0, 7), None): RMSE=3.7858624804312346
((2, 0, 0), (0, 1, 0, 0), None): RMSE= NaN
((2, 0, 0), (0, 0, 1, 7), None): RMSE=3.9427244377622204
((2, 0, 0), (0, 1, 1, 0), None): RMSE= NaN
((2, 0, 0), (0, 1, 0, 7), None): RMSE=4.645205665569855
((2, 0, 0), (1, 0, 0, 0), None): RMSE= NaN
((2, 0, 0), (1, 0, 0, 7), None): RMSE= NaN
((2, 0, 0), (1, 0, 1, 0), None): RMSE= NaN
((2, 0, 0), (1, 0, 1, 7), None): RMSE= NaN
((2, 0, 0), (1, 1, 0, 0), None): RMSE= NaN
((2, 0, 0), (1, 1, 0, 7), None): RMSE=3.9610573234314757
((2, 0, 0), (1, 1, 1, 0), None): RMSE= NaN
((2, 0, 0), (0, 1, 1, 7), None): RMSE=3.593346599789252
((2, 0, 0), (2, 0, 0, 0), None): RMSE= NaN
((2, 0, 0), (2, 0, 0, 7), None): RMSE= NaN
((2, 0, 0), (2, 0, 1, 0), None): RMSE= NaN
((2, 0, 0), (1, 1, 1, 7), None): RMSE=3.6008901961959237
((2, 0, 0), (2, 1, 0, 0), None): RMSE= NaN
((2, 0, 0), (2, 1, 0, 7), None): RMSE=3.82297777749036
((2, 0, 0), (2, 1, 1, 0), None): RMSE= NaN
((1, 0, 1), (2, 1, 1, 7), None): RMSE=3.5474270478196113
((2, 0, 1), (0, 0, 0, 0), None): RMSE=3.9982557762453745
((2, 0, 0), (2, 0, 1, 7), None): RMSE= NaN
((2, 0, 1), (0, 0, 1, 0), None): RMSE= NaN
((2, 0, 1), (0, 0, 0, 7), None): RMSE=3.9982557762453745
((2, 0, 1), (0, 1, 0, 0), None): RMSE= NaN
((2, 0, 1), (0, 1, 0, 7), None): RMSE=4.569995646252177
((2, 0, 1), (0, 1, 1, 0), None): RMSE= NaN
((2, 0, 1), (0, 0, 1, 7), None): RMSE=3.938574201990807
((2, 0, 1), (1, 0, 0, 0), None): RMSE= NaN
((2, 0, 1), (1, 0, 0, 7), None): RMSE= NaN
((2, 0, 1), (1, 0, 1, 0), None): RMSE= NaN
((1, 0, 1), (2, 0, 1, 7), None): RMSE=3.572937383495317
((2, 0, 1), (1, 1, 0, 0), None): RMSE= NaN
((2, 0, 1), (1, 1, 0, 7), None): RMSE=3.9622758353164595
((2, 0, 1), (1, 1, 1, 0), None): RMSE= NaN
((2, 0, 1), (0, 1, 1, 7), None): RMSE=3.5927946935026855
((2, 0, 1), (2, 0, 0, 0), None): RMSE= NaN
((2, 0, 1), (2, 0, 0, 7), None): RMSE= NaN
((2, 0, 1), (2, 0, 1, 0), None): RMSE= NaN
((2, 0, 1), (2, 0, 1, 7), None): RMSE= NaN
((2, 0, 1), (2, 1, 0, 0), None): RMSE= NaN
((2, 0, 1), (1, 0, 1, 7), None): RMSE=3.5800418185914062
((2, 0, 1), (2, 1, 1, 0), None): RMSE= NaN
((2, 0, 1), (1, 1, 1, 7), None): RMSE=3.600659616755991
((2, 0, 0), (2, 1, 1, 7), None): RMSE=3.583431013101261
((2, 0, 1), (2, 1, 0, 7), None): RMSE=3.8233942153838534
((2, 0, 1), (2, 1, 1, 7), None): RMSE=3.5827765028754874